4
P1
D1
1
P2
D2
2
P4
D3
2
P5
D4
2
4
Stud1
Group1
D1 D2
2000.0
1
0.0
Stud2
Group1
D3
1000.0
2
500.0
S1
G1
D1
2000.0
3
1000.0
S2
G1
D2
300.0
2
1500.0
4.152458429336548
-1      -1      -1      -1      -1      -1      -1       -1 -1 -1 -1
-1      -1      -1      -1      -1      -1      -1       -1 -1 -1 -1
Stud1   -1      -1      -1      -1      -1      -1        1 -1 -1 -1
Stud1   -1      -1      -1      -1      -1      -1        1 -1 -1 -1
Stud1   -1      -1      -1      -1      -1      -1        1 -1 -1 -1
Stud1   -1      -1      -1      -1      -1      -1        1 -1 -1 -1
Stud1   -1      -1      -1      -1      -1      -1        1 -1 -1 -1
Stud1   -1      -1      Stud2   -1      -1      -1        1  1 -1 -1
Stud1   -1      -1      Stud2   -1      -1      -1        1  1 -1 -1
Stud1   -1      -1      Stud2   -1      -1      -1        1  1 -1 -1
Stud1   -1      -1      Stud2   -1      -1      -1        1  1 -1 -1
Stud1   -1      -1      Stud2   -1      -1      -1        1  1 -1 -1
S1      Stud1   -1      Stud2   -1      -1      -1        1  1  1 -1
S1      Stud1   -1      Stud2   -1      -1      -1        1  1  1 -1
S1      Stud1   -1      Stud2   -1      -1      -1        1  1  1 -1
S1      Stud1   -1      Stud2   -1      -1      -1        1  1  1 -1
S1      Stud1   -1      Stud2   -1      -1      -1        1  1  1 -1
S1      Stud1   S2      -1      -1      -1      -1        1  2  1  1
S1      Stud1   S2      -1      -1      -1      -1        1  2  1  1
S1      Stud1   S2      -1      -1      -1      -1        1  2  1  1
S1      Stud1   -1      -1      -1      -1      -1        1  2  1  2
S1      Stud1   -1      -1      -1      -1      -1        1  2  1  2
S1      Stud1   -1      -1      -1      -1      -1        1  2  1  2
S1      Stud1   -1      -1      -1      -1      -1        1  2  1  2
S1      Stud1   -1      -1      -1      -1      -1        1  2  1  2
S1      Stud1   -1      -1      -1      -1      -1        1  2  1  2
S1      Stud1   -1      -1      -1      -1      -1        1  2  1  2
S1      Stud1   -1      -1      -1      -1      -1        1  2  1  2
S1      Stud1   -1      -1      -1      -1      -1        1  2  1  2
S1      Stud1   -1      -1      -1      -1      -1        1  2  1  2
S1      Stud1   -1      -1      -1      -1      -1        1  2  1  2
S1      Stud1   -1      -1      -1      -1      -1        1  2  1  2
Stud1   -1      -1      -1      -1      -1      -1        1  2  2  2
Stud1   -1      -1      -1      -1      -1      -1        1  2  2  2
Stud1   -1      -1      -1      -1      -1      -1        1  2  2  2
Stud1   -1      -1      -1      -1      -1      -1        1  2  2  2
Stud1   -1      -1      -1      -1      -1      -1        1  2  2  2
Stud1   -1      -1      -1      -1      -1      -1        1  2  2  2
Stud1   -1      -1      -1      -1      -1      -1        1  2  2  2
Stud1   -1      -1      -1      -1      -1      -1        1  2  2  2
Stud1   -1      -1      -1      -1      -1      -1        1  2  2  2
Stud1   -1      -1      -1      -1      -1      -1        1  2  2  2
-1      -1      -1      -1      -1      -1      -1        2  2  2  2
